((("melody" .
   [1 0 0 0 0 0])
  ("jump_userland" .
   [0 0 0 1 0 0 0 0 0 0 0 0 0])
  ("user_space" .
   [0 0 0 0 1 0 0 0 0 0])
  ("STACK_SEGMENT" .
   [0 0 0 1 0 1 0 0 0 0 0 0 0])
  ("ds_base" .
   [1 0 0 0 0 0 0])
  ("125" .
   [1 0 0])
  ("ecx" .
   [7 0 0])
  ("lines" .
   [1 0 0 0 0])
  ("pathfile" .
   [1 0 0 0 0 0 0 0])
  ("detectSingleXor" .
   [0 0 0 1 0 0 0 0 0 0 0 0 0 0 0])
  ("966" .
   [1 0 0])
  ("any" .
   [1 0 0])
  ("freq" .
   [2 0 0 0])
  ("close" .
   [1 0 0 0 0])
  ("exploit" .
   [0 0 0 0 0 1 0])
  ("_send" .
   [3 0 0 0 0])
  ("_recv" .
   [1 0 0 0 0])
  ("host" .
   [1 0 0 0])
  ("hello_cmd_init" .
   [1 0 0 0 0 0 0 0 0 0 0 0 0 0])
  ("hello_cmd" .
   [0 0 0 0 0 0 0 0 1])
  ("cds_limit" .
   [1 0 1 0 1 0 0 0 0])
  ("old_brk" .
   [0 0 0 1 0 0 0])
  ("increment" .
   [0 0 0 0 1 0 1 0 0])
  ("ds_limit" .
   [4 0 0 0 0 1 0 0])
  ("cs_base" .
   [1 0 0 0 0 0 0])
  ("checksum" .
   [1 0 0 0 0 0 1 0])
  ("O_RDONLY" .
   [1 0 0 0 0 0 0 0])
  ("path" .
   [2 0 0 0])
  ("fd" .
   [2 0])
  ("lol" .
   [3 0 0])
  ("gettick" .
   [1 0 0 1 0 0 0])
  ("tick" .
   [3 0 0 0])
  ("handle_clock" .
   [2 0 0 0 0 0 0 0 0 0 0 0])
  ("t_uint8" .
   [7 0 0 0 0 0 0])
  ("getkey" .
   [1 0 0 0 0 0])
  ("w_index" .
   [0 0 0 0 1 0 0])
  ("r_index" .
   [4 0 0 0 0 0 0])
  ("0x01" .
   [1 0 0 0])
  ("KEY_BUFFER_SIZE" .
   [1 0 0 0 0 0 0 0 0 0 0 0 0 0 0])
  ("buffer_key" .
   [1 0 0 0 0 0 0 0 0 0])
  ("key_buffer" .
   [2 0 0 0 0 0 0 0 0 0])
  ("private" .
   [1 0 0 0 0 0 0])
  ("KeyBoard" .
   [0 0 0 0 1 0 0 0])
  ("handle_key" .
   [2 0 0 0 0 0 0 0 0 0])
  ("handle" .
   [0 0 0 0 1 0])
  ("divider" .
   [1 0 0 0 0 0 0])
  ("INTERNAL_FREQ" .
   [0 0 0 0 0 0 0 0 1 0 0 0 0])
  ("outb" .
   [1 0 0 0])
  ("init_pit" .
   [1 0 0 0 0 0 0 1])
  ("PIT" .
   [2 0 0])
  ("asm" .
   [1 0 0])
  ("volatile" .
   [3 0 0 0 0 0 0 0])
  ("__asm__" .
   [3 0 0 0 0 0 0])
  ("NUM_ENTRIES" .
   [1 0 0 0 0 0 0 0 0 0 0])
  ("ENTRIES_NUM" .
   [0 0 0 0 1 0 0 0 0 0 0])
  ("gdt" .
   [3 0 0])
  ("base_a" .
   [1 0 0 0 0 0])
  ("GDT_HH_" .
   [2 0 0 0 0 0 1])
  ("display_char" .
   [0 0 0 0 0 0 0 0 0 1 0 0])
  ("nposx" .
   [1 0 0 0 0])
  ("80" .
   [2 0])
  ("fb_start" .
   [1 0 0 0 0 0 0 0])
  ("set" .
   [1 0 0])
  ("posy" .
   [8 0 0 0])
  ("posx" .
   [13 0 0 0])
  ("background" .
   [0 0 0 0 1 0 0 0 0 0])
  ("ConsoleManager" .
   [0 0 0 1 0 0 0 1 0 0 0 0 0 0])
  ("WriteHandler" .
   [0 0 0 0 0 1 0 0 0 0 0 0])
  ("stat" .
   [1 0 0 0])
  ("shellcode" .
   [2 0 0 0 0 1 0 1 0])
  ("coin_combo" .
   [1 0 0 0 0 0 0 0 0 0])
  ("encode" .
   [1 0 0 0 0 0])
  ("crypted" .
   [0 0 0 0 2 0 0])
  ("ord" .
   [7 0 0])
  ("myXorB" .
   [3 0 0 0 0 0])
  ("bytearray" .
   [1 0 0 0 1 0 0 0 0])
  ("myXor" .
   [2 0 0 0 0])
  ("two" .
   [2 0 0])
  ("one" .
   [2 0 0])
  ("flag" .
   [3 0 0 0])
  ("cryptedFlag" .
   [4 0 1 3 0 0 0 0 0 1 0])
  ("cryptedMessage" .
   [3 0 1 2 1 0 0 0 1 2 0 0 0 0])
  ("code" .
   [2 0 0 0])
  ("xrange" .
   [1 0 0 0 0 0])
  ("chr" .
   [4 0 0])
  ("rec" .
   [3 0 0])
  ("connect" .
   [1 0 0 0 0 0 0])
  ("fr" .
   [1 0])
  ("epita" .
   [1 0 0 0 0])
  ("bool" .
   [1 0 0 0])
  ("entering" .
   [2 0 0 0 0 1 0 0])
  ("ORIG_EAX" .
   [0 0 0 0 0 0 1 0])
  ("returnValue" .
   [1 0 0 1 2 0 0 0 0 0 0])
  ("cases" .
   [11 0 0 0 0])
  ("read" .
   [13 0 0 0])
  ("cells" .
   [14 0 0 0 0])
  ("parser" .
   [1 0 0 0 0 0])
  ("argparse" .
   [0 0 0 1 0 0 0 0])
  ("SIGTRAP" .
   [1 0 0 1 0 0 0])
  ("None" .
   [2 0 0 0])
  ("is" .
   [2 0])
  ("even" .
   [3 0 0 0])
  ("digits" .
   [1 0 0 0 0 1])
  ("palindrom" .
   [2 0 0 0 0 1 0 0 0])
  ("num" .
   [16 0 0])
  ("Numpad7" .
   [0 0 0 0 1 0 0])
  ("false" .
   [3 0 0 0 0])
  ("true" .
   [5 0 0 0])
  ("opcodes0x8" .
   [1 0 0 0 0 0 0 0 0 0])
  ("_0xEX" .
   [2 0 0 0 0])
  ("_0xDXYN" .
   [1 0 0 0 0 0 0])
  ("_0xANNN" .
   [1 0 0 0 0 0 0])
  ("_0x8XYE" .
   [1 0 0 0 0 0 0])
  ("_0x8XY7" .
   [1 0 0 0 0 0 0])
  ("_0x8XY6" .
   [1 0 0 0 0 0 0])
  ("_0x8XY5" .
   [1 0 0 0 0 0 0])
  ("_0x8XY4" .
   [1 0 0 0 0 0 0])
  ("_0x8XY3" .
   [1 0 0 0 0 0 0])
  ("_0x8XY2" .
   [1 0 0 0 0 0 0])
  ("_0x00" .
   [1 0 0 0 0])
  ("_0x8XY0" .
   [2 0 0 0 0 0 0])
  ("_0x6XNN" .
   [1 0 0 0 0 0 0])
  ("_0x5XY0" .
   [1 0 0 0 0 0 0])
  ("_0x1NNN" .
   [0 0 0 0 0 0 1])
  ("_0x00E0" .
   [1 0 0 0 0 0 0])
  ("opcodes0x0" .
   [0 0 1 0 0 0 0 0 0 0])
  ("_0xFX" .
   [0 0 0 2 1])
  ("0xFX1E" .
   [1 0 0 0 0 0])
  ("0xFX18" .
   [1 0 0 0 0 0])
  ("_0x8XY1" .
   [3 0 0 0 0 0 0])
  ("_0x8XY" .
   [1 0 0 1 1 6])
  ("_0x00EE" .
   [2 0 0 0 0 0 0])
  ("_0x00E" .
   [3 0 0 0 0 0])
  ("0xF000" .
   [1 0 0 0 0 0])
  ("opcode" .
   [0 0 1 0 0 1])
  ("opcodes" .
   [0 0 1 0 0 0 0])
  ("break" .
   [4 0 0 3 0])
  ("memory" .
   [0 0 2 2 0 0])
  ("512" .
   [7 0 0])
  ("begin" .
   [1 0 2 0 0])
  ("string" .
   [5 0 0 2 0 0])
  ("Black" .
   [2 0 0 0 0])
  ("White" .
   [3 0 0 0 0])
  ("B" .
   [3])
  ("change" .
   [1 0 0 0 0 0])
  ("0xF" .
   [1 0 0])
  ("C" .
   [3])
  ("screen" .
   [2 0 1 0 0 0])
  ("update" .
   [2 0 0 0 0 1])
  ("Color" .
   [1 0 0 1 1])
  ("pSize" .
   [1 0 0 4 0])
  ("clear" .
   [2 0 0 0 0])
  ("Screen" .
   [2 0 2 2 2 0])
  ("class" .
   [3 0 0 0 0])
  ("friend" .
   [0 0 0 0 0 1])
  ("namespace" .
   [0 0 0 1 0 0 0 0 0])
  ("using" .
   [1 0 0 0 0])
  ("FRAC" .
   [1 0 0 0])
  ("std" .
   [32 0 1])
  ("52108" .
   [1 0 0 0 0])
  ("token" .
   [5 0 0 0 1])
  ("MESSAGE" .
   [0 0 1 0 0 0 0])
  ("sort02" .
   [1 0 0 0 0 0])
  ("sort01" .
   [1 0 0 0 0 0])
  ("sort0" .
   [0 0 0 0 1])
  ("pid" .
   [13 0 0])
  ("random_fill" .
   [0 0 0 1 0 0 0 0 0 0 0])
  ("args" .
   [4 0 0 0])
  ("trois" .
   [3 0 0 0 1])
  ("c1" .
   [1 0])
  ("gcdext" .
   [1 0 0 0 0 0])
  ("conv" .
   [1 0 0 0])
  ("contFrac" .
   [0 0 0 0 0 0 1 0])
  ("yield" .
   [1 0 0 0 1])
  ("solve" .
   [1 0 0 0 0])
  ("gcd3" .
   [2 0 0 0])
  ("gcd2" .
   [2 0 0 0])
  ("gcd1" .
   [1 0 0 1])
  ("invert" .
   [0 0 0 0 0 1])
  ("fichier" .
   [2 0 0 0 0 0 0])
  ("var" .
   [3 0 0])
  ("decode" .
   [3 0 0 0 0 0])
  ("type" .
   [12 0 0 1])
  ("cmp" .
   [0 0 1])
  ("or" .
   [8 0])
  ("and" .
   [12 0 0])
  ("message" .
   [12 0 0 0 0 1 1])
  ("from" .
   [4 0 0 0])
  ("realloc" .
   [1 0 1 0 0 0 0])
  ("test" .
   [9 0 0 0])
  ("mod" .
   [3 0 0])
  ("gmpy2" .
   [21 0 0 5 2])
  ("str" .
   [17 0 1])
  ("aux2" .
   [4 0 0 0])
  ("Decimal" .
   [2 0 2 0 0 0 0])
  ("decimal" .
   [4 0 0 0 0 0 1])
  ("aux" .
   [14 0 0])
  ("gcd" .
   [3 0 0])
  ("power" .
   [1 0 0 0 0])
  ("10200" .
   [1 0 0 0 0])
  ("bezout" .
   [3 0 0 4 0 0])
  ("1024" .
   [6 0 0 0])
  ("recv" .
   [7 0 0 0])
  ("adress" .
   [2 0 0 1 0 0])
  ("input" .
   [4 0 0 1 0])
  ("cst" .
   [2 0 0])
  ("port" .
   [2 0 0 0])
  ("52111" .
   [1 0 0 0 0])
  ("connexion" .
   [0 0 0 1 0 0 0 0 5])
  ("socket" .
   [3 0 0 1 0 1])
  ("import" .
   [17 0 0 0 1 0])
  ("wordcpy" .
   [0 0 1 0 0 0 0])
  ("chunck" .
   [2 0 0 0 0 0])
  ("get_chunk" .
   [0 0 1 2 0 0 0 0 0])
  ("ptr" .
   [38 0 0])
  ("get_base" .
   [1 0 0 3 0 0 0 2])
  ("prev" .
   [14 0 0 5])
  ("word_align" .
   [1 0 2 0 0 0 0 0 0 3])
  ("chunk" .
   [18 0 0 0 1])
  ("sbrk" .
   [4 0 1 2])
  ("base" .
   [8 0 0 0])
  ("count" .
   [2 0 0 2 0])
  ("resizeImage" .
   [0 0 1 1 0 0 0 0 0 0 0])
  ("angle" .
   [1 0 2 0 0])
  ("bmp" .
   [2 0 0])
  ("wprintf" .
   [1 0 0 0 0 0 0])
  ("toBeConverted" .
   [0 0 2 0 0 0 0 0 0 0 0 0 0])
  ("wchar_t" .
   [2 0 0 0 0 0 0])
  ("texte" .
   [1 0 0 0 0])
  ("200" .
   [2 0 0])
  ("wchar" .
   [3 0 1 1 1])
  ("images" .
   [0 0 0 0 0 1])
  ("freeNetwork" .
   [0 0 0 1 0 0 0 0 0 0 0])
  ("nn" .
   [7 0])
  ("latexH" .
   [2 0 1 1 0 1])
  ("GDK_INTERP_BILINEAR" .
   [1 0 0 0 0 0 1 0 0 0 0 1 0 0 0 0 0 0 0])
  ("SDL_FreeSurface" .
   [1 0 0 0 0 0 0 0 0 0 0 0 0 0 0])
  ("gtkspell_recheck_all" .
   [1 0 0 0 0 0 0 0 0 0 0 0 0 0 0 0 0 0 0 0])
  ("English" .
   [1 0 0 0 0 0 0])
  ("lang" .
   [1 0 0 0])
  ("gtk_text_buffer_" .
   [0 0 0 0 0 0 0 0 0 0 0 0 0 0 0 1])
  ("end" .
   [3 0 2])
  ("start" .
   [1 0 1 0 1])
  ("trees" .
   [1 0 0 0 0])
  ("pow" .
   [24 0 0])
  ("depth" .
   [5 0 0 0 0])
  ("queue_" .
   [0 0 0 0 0 1])
  ("righttree_build_regular" .
   [0 0 0 0 0 0 1 0 0 0 0 0 0 0 0 0 0 0 0 0 0 0 0])
  ("key" .
   [6 0 0])
  ("queue_pop" .
   [0 0 1 0 0 0 0 0 0])
  ("queue_is_empty" .
   [0 0 0 1 0 0 0 0 0 0 0 0 0 0])
  ("queue_push" .
   [0 0 1 1 0 0 0 0 0 0])
  ("queue_empty" .
   [0 0 1 0 0 0 1 0 0 0 1])
  ("queue" .
   [2 0 0 0 4])
  ("menuItem" .
   [0 0 0 0 0 1 0 0])
  ("all" .
   [4 0 0])
  ("f" .
   [7])
  ("strcat" .
   [0 0 0 0 2 1])
  ("gchar" .
   [2 0 0 1 0])
  ("iter" .
   [5 0 0 1])
  ("gtk_image_new" .
   [1 0 0 0 0 0 0 0 0 0 0 0 0])
  ("endif" .
   [2 0 0 1 0])
  ("FUNCTIONS" .
   [2 0 0 0 0 0 0 0 0])
  ("define" .
   [7 0 0 0 0 0])
  ("ifndef" .
   [2 0 0 0 0 0])
  ("miniBuf" .
   [0 0 0 1 3 0 0])
  ("list_last" .
   [4 0 0 0 0 0 0 1 1])
  ("list_len" .
   [1 0 0 0 0 0 0 0])
  ("list_push_front" .
   [0 1 0 0 0 0 0 1 0 0 0 0 0 0 0])
  ("list" .
   [20 0 0 0])
  ("100" .
   [15 0 0])
  ("cell" .
   [1 0 0 0])
  ("l" .
   [14])
  ("list_pop_front" .
   [0 0 0 0 0 0 0 1 2 0 0 0 0 1])
  ("last" .
   [11 0 3 0])
  ("textImage" .
   [1 0 3 1 0 3 2 0 0])
  ("quitButton" .
   [1 0 0 0 0 0 0 0 0 0])
  ("Quit" .
   [1 0 0 0])
  ("gtk_container_add" .
   [1 0 0 0 0 0 0 0 0 0 0 0 0 0 0 0 0])
  ("GTK_CONTAINER" .
   [1 0 0 0 0 0 0 1 0 0 0 0 0])
  ("mainBox" .
   [1 0 0 1 4 4 6])
  ("20" .
   [3 0])
  ("functions" .
   [1 0 0 0 0 0 0 0 0])
  ("g" .
   [2])
  ("SDL_Surface" .
   [0 0 0 0 0 0 1 1 0 0 2])
  ("d" .
   [3])
  ("x" .
   [4])
  ("xpmFile" .
   [0 0 1 0 0 0 0])
  ("getImageData" .
   [0 0 0 0 1 1 0 0 0 0 0 0])
  ("Get" .
   [1 0 0])
  ("p" .
   [6])
  ("GdkWindow" .
   [2 0 0 0 0 0 0 0 0])
  ("w" .
   [4])
  ("pixMa" .
   [0 0 0 0 1])
  ("GdkPixmap" .
   [0 0 0 0 0 0 1 1 0])
  ("window" .
   [2 0 1 1 1 0])
  ("pixMap" .
   [0 0 0 1 0 2])
  ("const" .
   [8 0 0 0 0])
  ("filters" .
   [0 0 0 0 0 0 1])
  ("is_sorted" .
   [0 0 7 0 0 0 0 0 0])
  ("inline" .
   [2 0 0 0 0 0])
  ("drawVline" .
   [0 0 2 0 0 0 0 0 0])
  ("fci-mode" .
   [0 0 0 1 0 0 0 2])
  ("setq" .
   [3 0 0 1])
  ("global-set-key" .
   [0 0 0 0 0 0 1 0 0 0 0 0 0 0])
  ("GUI" .
   [1 0 0])
  ("mainWindow" .
   [4 0 4 3 2 2 2 0 0 4])
  ("main" .
   [2 0 0 0])
  ("Window" .
   [0 0 0 0 0 1])
  ("GtkWidget" .
   [11 0 6 8 1 3 2 0 19])
  ("SDL_image" .
   [0 0 0 0 0 0 0 1 0])
  ("surface" .
   [10 0 0 2 0 0 0])
  ("255" .
   [4 0 1])
  ("//initrd.img.old" .
   [0 0 2 0 0 0 0 0 0 0 0 0 0 0 0 0])
  ("threshold" .
   [0 0 0 1 2 2 0 0 0])
  ("mean" .
   [5 0 0 0])
  ("stdDeviation" .
   [0 0 0 0 2 1 0 0 0 0 0 1])
  ("average" .
   [0 0 0 0 1 0 0])
  ("math" .
   [6 0 0 0])
  ("expected" .
   [0 0 0 1 0 0 0 0])
  ("10" .
   [13 0])
  ("11" .
   [1 0])
  ("2" .
   [4])
  ("1" .
   [12])
  ("150" .
   [1 0 0])
  ("sumVar" .
   [2 0 0 0 0 0])
  ("Uint8" .
   [31 0 0 0 1])
  ("Uint16" .
   [19 0 0 0 1 0])
  ("Uint32" .
   [13 0 0 0 2 2])
  ("result" .
   [18 0 0 1 1 2])
  ("array" .
   [0 0 0 0 1])
  ("binary_search" .
   [0 0 0 2 1 0 0 0 0 0 0 0 0])
  ("right" .
   [41 0 2 0 3])
  ("left" .
   [41 0 2 3])
  ("length" .
   [4 0 4 4 1 0])
  ("mystrlen" .
   [0 0 0 1 0 0 0 0])
  ("mystrncat" .
   [3 0 2 0 0 0 1 0 0])
  ("size_t" .
   [8 0 5 0 8 17])
  ("SDL_WM_SetCaption" .
   [0 0 0 0 0 1 0 0 0 0 0 0 0 0 0 0 0])
  ("int" .
   [188 0 0])
  ("for" .
   [47 0 1])
  ("printf" .
   [10 0 0 1 1 13])
  ("SDL_Init" .
   [0 0 0 0 0 0 0 1])
  ("SDL_GetError" .
   [0 0 1 0 0 0 0 0 0 0 0 0])
  ("while" .
   [43 0 1 2 2])
  ("src" .
   [16 0 0])
  ("dest" .
   [19 0 0 4])
  ("mystrncpy" .
   [0 0 0 0 0 1 0 1 0])
  ("char" .
   [99 0 0 2])
  ("return" .
   [61 0 0 18 20 9])
  ("if" .
   [127 1])
  ("else" .
   [66 0 0 3])
  ("initialize" .
   [0 0 0 0 0 0 0 0 0 1])
  ("initNeuron" .
   [1 0 0 1 0 0 0 0 0 0])
  ("void" .
   [78 0 0 2])
  ("nbEntries" .
   [0 0 0 0 0 0 0 0 1])
  ("learn" .
   [2 0 0 1 1])
  ("neuron" .
   [3 0 0 0 0 1])
  ("inputs" .
   [0 0 0 0 1 0])
  ("freeMemory" .
   [0 0 0 0 0 0 0 0 0 1])
  ("entry" .
   [3 0 0 0 0])
  ("include" .
   [42 0 1 0 6 7 1])
  ("NULL" .
   [133 0 0 0])
  ("mystrncmp" .
   [1 0 0 0 0 0 0 0 0])
  ("osef" .
   [23 0 0 0])
  ("mystrchr" .
   [0 0 0 0 0 1 0 1])
  ("size" .
   [91 0 0 13])
  ("sum" .
   [6 0 0])
  ("tab" .
   [30 0 0])
  ("i" .
   [53])
  ("c" .
   [21])
  ("array_sum" .
   [0 0 0 0 0 0 1 0 0])
  ("arrayint" .
   [0 0 0 0 0 0 0 2])
  ("s" .
   [27])
  ("temp" .
   [6 0 0 2])
  ("array_reverse" .
   [1 0 0 0 0 0 0 0 0 0 0 0 0])
  ("float" .
   [14 0 0 0 0])
  ("sigma" .
   [5 0 0 2 2])
  ("256" .
   [5 0 0])
  ("sig" .
   [1 0 1])
  ("t" .
   [3])
  ("taille_y" .
   [1 0 0 0 0 0 0 0])
  ("histo" .
   [2 0 0 0 0])
  ("guiInit" .
   [1 0 0 0 1 0 0])
  ("fci-rule-column" .
   [1 0 0 0 0 0 0 0 0 0 0 0 0 0 0])
  ("sizeof" .
   [7 0 3 8 3 5])
  ("SDL_Flip" .
   [0 0 0 1 0 0 0 0])
  ("onALine" .
   [0 0 0 1 0 0 0])
  ("horizontal" .
   [1 0 0 0 0 0 0 0 0 0])
  ("drawLinesChars" .
   [1 0 0 0 0 1 0 0 0 0 0 0 0 0])
  ("horizontalHist" .
   [1 0 0 0 0 0 0 0 0 0 0 1 0 0])
  ("capacity" .
   [6 0 0 5 2 0 0 1])
  ("data" .
   [70 0 1 7])
  ("malloc" .
   [7 0 1 0 4 1])
  ("vector_push_back" .
   [0 0 0 1 0 2 0 2 0 0 0 0 0 4 0 2])
  ("struct" .
   [17 0 0 22 4 12])
  ("vector" .
   [10 0 0 0 0 1])
  ("vect" .
   [49 0 0 3])
  ("copy" .
   [17 0 0 0])
  ("copySurface" .
   [0 0 0 0 2 0 0 0 0 0 0])
  ("v" .
   [13])
  ("vector_make" .
   [1 0 0 0 1 0 0 0 0 0 0])
  ("vector_pop_back" .
   [1 0 0 0 1 0 0 0 0 0 0 0 0 1 0])
  ("vector_push_front" .
   [1 0 0 0 0 0 0 0 0 0 0 0 0 0 7 1 0])
  ("vector_pop_front" .
   [3 0 0 0 0 0 0 0 0 1 0 0 0 0 5 0])
  ("vector_insert_at" .
   [0 0 0 0 0 0 0 0 1 2 1 1 0 0 0 0])
  ("pos" .
   [13 0 0])
  ("vector_extract_at" .
   [0 0 0 0 0 2 0 0 0 0 0 0 0 0 0 0 0])
  ("vector_clone" .
   [0 0 0 0 1 0 0 0 0 1 0 0])
  ("clone" .
   [3 0 0 0 0])
  ("pivot" .
   [20 0 0 0 0])
  ("choose_pivot" .
   [1 0 0 0 0 1 0 0 0 0 0 0])
  ("partition" .
   [0 0 0 0 1 0 0 0 0])
  ("quick_sort" .
   [0 0 0 1 0 1 0 0 0 0])
  ("buf" .
   [39 0 0])
  ("buffer" .
   [3 0 0 0 0 0])
  ("init_ring_buffer" .
   [0 0 0 0 1 0 0 0 0 0 0 0 0 0 0 0])
  ("ring" .
   [1 0 0 0])
  ("Random" .
   [0 0 0 0 0 1])
  ("random" .
   [1 0 0 0 0 0])
  ("after-change-major-mode-hook" .
   [1 0 0 0 0 0 0 0 0 0 0 0 0 0 0 0 0 0 0 0 0 0 0 0 0 0 0 0])
  ("arrayFromSurface" .
   [0 0 0 0 0 0 0 0 1 0 0 0 0 0 0 0])
  ("pixMatrix" .
   [2 0 0 4 0 0 0 0 0])
  ("matrixFromSurface" .
   [0 0 0 0 0 0 2 0 0 0 0 0 0 0 0 0 0])
  ("text" .
   [25 0 1 4])
  ("pixArray" .
   [0 0 0 0 1 0 0 0])
  ("GtkWindow" .
   [1 0 0 0 0 0 1 3 2])
  ("gui" .
   [1 0 0])
  ("loadPixBuf" .
   [1 0 0 1 0 0 0 0 0 1])
  ("pixBuf" .
   [6 0 2 2 0 2])
  ("fputs" .
   [2 0 0 0 0])
  ("matrix" .
   [0 0 0 0 0 1])
  ("FILE" .
   [1 0 0 0])
  ("fopen" .
   [1 0 0 0 0])
  ("file" .
   [8 0 0 0])
  ("fclose" .
   [1 0 0 0 1 0])
  ("dataFile" .
   [2 0 0 1 0 0 0 0])
  ("GdkPixbuf" .
   [7 0 1 1 0 1 0 1 0])
  ("error" .
   [1 0 0 0 1])
  ("errorPix" .
   [0 0 0 0 1 0 0 0])
  ("gtk_image_new_from_pixbuf" .
   [1 0 0 0 0 0 0 0 0 0 0 0 0 0 0 0 0 0 0 0 0 0 0 0 0])
  ("r" .
   [7])
  ("TRUE" .
   [18 0 0 0])
  ("FALSE" .
   [21 0 0 1 0])
  ("initMainBox" .
   [2 0 0 0 1 0 2 0 0 0 1])
  ("openButon" .
   [0 0 0 1 0 0 0 0 0])
  ("gtk_button_new_from_stock" .
   [0 0 0 0 0 0 1 0 0 0 0 0 0 0 0 0 0 0 0 0 0 0 0 0 0])
  ("open" .
   [10 0 0 0])
  ("toplevel" .
   [0 0 0 1 0 0 0 0])
  ("Main" .
   [0 0 1 0])
  ("GtkWidjet" .
   [2 0 0 0 0 0 0 0 0])
  ("mainWidget" .
   [2 0 0 0 0 0 0 0 0 0])
  ("gtk_box_pack_start" .
   [8 0 0 0 0 0 0 0 0 0 0 0 0 1 0 2 2 0])
  ("menu" .
   [5 0 0 0])
  ("gtk_box_pack_end" .
   [8 0 0 0 0 0 0 0 0 0 0 0 0 1 0 2])
  ("save" .
   [1 0 0 0])
  ("print_list" .
   [1 0 0 0 0 0 0 0 3 0])
  ("n" .
   [20])
  ("front" .
   [6 0 0 0 1])
  ("next" .
   [39 0 2 1])
  ("list_init" .
   [0 0 0 0 0 0 0 0 2])
  ("free" .
   [17 0 0 0])
  ("len" .
   [19 1 0])
  ("list_nth" .
   [0 0 0 0 0 1 0 1])
  ("lists" .
   [0 0 0 0 1])
  ("0" .
   [69])
  ("box" .
   [13 0 0])
  ("toolBar" .
   [0 0 0 0 0 2 0])
  ("GTK_STOCK_SAVE" .
   [1 0 0 0 0 1 0 0 0 0 0 0 0 0])
  ("GTK_STOCK_QUIT" .
   [0 0 0 0 0 0 0 0 0 0 1 0 0 0])
  ("cb_quit" .
   [1 0 0 0 0 1 0])
  ("G_CALLBACK" .
   [0 0 0 1 0 0 1 0 0 0])
  ("select" .
   [4 0 0 0 1 2])
  ("GTK_WINDOW_TOPLEVEL" .
   [0 0 0 0 0 0 0 1 0 0 0 0 0 0 0 0 0 0 0])
  ("fileSelect" .
   [0 0 0 0 0 0 2 1 0 0])
  ("getFilePath" .
   [1 0 0 0 1 0 0 0 0 0 0])
  ("button" .
   [7 0 1 0 0 0])
  ("fileName" .
   [2 0 0 1 0 0 0 0])
  ("GTK_FILE_CHOOSER" .
   [1 0 0 0 0 0 0 0 0 0 0 0 0 0 0 0])
  ("widget" .
   [2 0 1 0 1 1])
  ("gtk_widget_destroy" .
   [1 0 0 0 0 0 0 0 0 0 0 0 0 0 0 0 0 0])
  ("GTK_IMAGE" .
   [1 0 0 0 0 0 1 0 0])
  ("initMenu" .
   [2 0 0 0 1 0 0 0])
  ("initTextZone" .
   [1 0 0 0 1 1 0 0 0 0 0 0])
  ("initToolBar" .
   [0 0 0 0 0 0 1 0 0 0 0])
  ("zone" .
   [45 0 2 12])
  ("initMainZone" .
   [0 0 0 1 0 0 0 0 0 0 0 0])
  ("mainZone" .
   [3 0 2 3 1 1 0 0])
  ("getMainZone" .
   [0 0 0 1 0 0 0 0 0 0 1])
  ("image" .
   [15 0 3 1 5])
  ("cb_open" .
   [1 0 0 0 0 0 0])
  ("cb_process" .
   [0 0 0 1 0 1 0 0 0 0])
  ("gpointer" .
   [0 0 0 1 0 0 0 0])
  ("topLevel" .
   [0 0 0 2 0 0 0 0])
  ("gtk_widget_get_toplevel" .
   [0 0 0 0 0 0 1 0 0 0 0 0 0 0 0 0 0 0 0 0 0 0 0])
  ("GtkFileFilter" .
   [0 0 1 0 0 0 0 0 0 0 0 0 0])
  ("filter" .
   [0 0 0 1 0 1])
  ("gtk_file_chooser_dialog_new" .
   [0 0 0 0 0 0 0 0 1 0 0 0 0 0 0 0 0 0 0 0 0 0 0 0 0 0 0])
  ("If" .
   [0 1])
  ("typedef" .
   [0 0 1 0 0 0 0])
  ("Zone" .
   [12 0 0 5])
  ("GTK_WIDGET" .
   [0 0 0 0 0 0 0 0 0 1])
  ("chars" .
   [9 0 3 0 1])
  ("textBuffer" .
   [1 0 4 0 0 4 0 0 0 0])
  ("gtk_text_view_get_buffer" .
   [1 0 0 0 0 0 0 0 0 0 0 0 0 0 0 0 0 0 0 0 0 0 0 0])
  ("fprintf" .
   [1 0 0 0 0 0 0])
  ("g_free" .
   [1 0 0 0 0 1])
  ("GTK_TEXT_VIEW" .
   [1 0 0 0 1 0 0 0 0 0 0 0 1])
  ("spell" .
   [7 0 0 0 0])
  ("tree" .
   [0 0 0 2])
  ("elmt" .
   [4 0 7 4])
  ("val" .
   [22 0 0])
  ("tree_depth_infix_print" .
   [0 0 0 0 0 0 0 0 0 0 0 0 1 0 1 0 0 0 0 0 0 0])
  ("tree_depth_suffix_print" .
   [0 0 0 0 0 0 0 0 0 0 0 1 0 0 1 0 0 0 0 0 0 0 0])
  ("q" .
   [1])
  ("new" .
   [22 0 1])
  ("gtkspell" .
   [0 0 0 0 0 0 0 1])
  ("gtk" .
   [1 0 0])
  ("Menu" .
   [2 0 0 0])
  ("gtk_image_menu_item_new_from_stock" .
   [1 0 0 0 0 0 0 0 0 0 0 0 0 0 0 0 0 0 0 0 0 0 0 0 0 0 0 0 0 0 0 0 0 0])
  ("GTK_STOCK_APPLY" .
   [2 0 0 0 0 0 0 0 0 0 0 0 0 0 0])
  ("cb_lang" .
   [1 0 0 0 0 0 0])
  ("GTK_STOCK_EXECUTE" .
   [0 0 0 0 0 0 0 0 0 0 0 1 1 0 0 0 0])
  ("separator" .
   [0 0 0 1 1 0 0 0 0])
  ("gtk_separator_menu_item_new" .
   [0 0 0 0 0 0 1 0 0 0 0 0 0 0 0 0 0 0 0 0 0 0 0 0 0 0 0])
  ("scroll" .
   [7 0 0 4 0 2])
  ("GTK_POLICY_ALWAYS" .
   [0 0 0 0 0 0 0 0 0 0 0 0 0 2 0 0 0])
  ("adj" .
   [2 0 0])
  ("scrollText" .
   [2 0 0 0 0 0 0 0 0 0])
  ("scrollImg" .
   [3 0 0 0 0 0 1 0 0])
  ("scrollTxt" .
   [1 0 0 0 0 0 0 0 0])
  ("GTK_WINDOW" .
   [0 0 0 0 0 0 1 0 0 0])
  ("GTK_POLICY_AUTOMATIC" .
   [1 0 0 0 0 0 0 0 0 0 0 0 0 0 0 0 0 0 0 0])
  ("output" .
   [5 0 4 2 0 1])
  ("cb_learn" .
   [1 0 0 0 0 0 1 0])
  ("GTK_TOOLBAR_ICONS" .
   [0 0 0 0 0 0 0 0 0 0 0 0 0 0 1 0 0])
  ("nbLines" .
   [1 0 0 0 0 0 0])
  ("initNetwork" .
   [0 0 0 1 0 0 0 0 0 0 0])
  ("40" .
   [1 0])
  ("en_US" .
   [1 0 0 0 0])
  ("progress" .
   [0 0 1 5 0 0 0 1])
  ("gint" .
   [1 0 0 0])
  ("tot" .
   [1 0 0])
  ("gdouble" .
   [0 0 0 0 0 0 1])
  ("total" .
   [2 0 0 0 0])
  ("fract" .
   [0 0 1 1 0])
  ("pthread" .
   [0 0 0 1 0 0 0])
  ("th2" .
   [2 0 0])
  ("status" .
   [14 0 2 0 1 5])
  ("contextId" .
   [0 0 0 1 0 1 0 0 0])
  ("cb_status" .
   [1 0 0 0 0 0 0 0 0])
  ("bar" .
   [6 0 0])
  ("Status" .
   [1 0 1 0 0 0])
  ("id" .
   [11 0])
  ("GPOINTER_TO_INT" .
   [1 0 0 0 0 0 0 0 0 0 0 0 0 0 0])
  ("entryV" .
   [1 0 0 0 0 0])
  ("entryVector" .
   [4 0 0 0 0 0 0 0 0 0 0])
  ("in" .
   [36 0])
  ("range" .
   [15 0 0 0 0])
  ("print" .
   [185 0 0 0 4])
  ("find_chunk" .
   [1 1 2 1 0 0 0 0 0 0])
  ("extend_heap" .
   [0 0 1 0 0 0 0 0 0 0 0])
  ("zerofill" .
   [0 0 0 1 0 0 0 0])
  ("static" .
   [4 0 0 0 0 0])
  ("msg" .
   [6 0 0])
  ("send" .
   [5 0 0 1])
  ("sendMsg" .
   [3 0 0 2 0 0 1])
  ("def" .
   [37 0 0])
  ("pgcd" .
   [2 0 0 0])
  ("cycle" .
   [0 0 2 0 0])
  ("puiss" .
   [3 0 0 0 0])
  ("puissance" .
   [2 0 0 0 0 0 0 0 1])
  ("157" .
   [1 0 0])
  ("abs" .
   [10 0 0])
  ("powmod" .
   [9 0 0 0 1 1])
  ("dst" .
   [1 0 0])
  ("calloc" .
   [0 0 0 0 1 0])
  ("bcm" .
   [2 0 0])
  ("hex" .
   [3 0 0])
  ("bcf" .
   [1 0 0])
  ("str_xor" .
   [0 0 0 1 0 0 0])
  ("xor" .
   [1 0 0])
  ("ccm" .
   [18 0 0])
  ("ccf" .
   [16 0 0])
  ("xor1" .
   [9 0 0 0])
  ("prefixa*" .
   [0 0 0 1 0 0 0 0])
  ("subprocess" .
   [1 0 0 0 1 0 0 0 0 0])
  ("res" .
   [8 0 0])
  ("echo" .
   [1 0 0 0])
  ("line" .
   [9 0 0 0])
  ("beef" .
   [1 0 0 0])
  ("AES" .
   [1 0 0])
  ("cipher" .
   [1 0 0 0 1 0])
  ("bytes" .
   [7 0 0 0 0])
  ("4096" .
   [1 0 0 0])
  ("euclide" .
   [1 0 0 0 0 0 0])
  ("313" .
   [1 0 0])
  ("long" .
   [31 0 0 0])
  ("m_size" .
   [1 0 0 0 0 0])
  ("width" .
   [1 0 0 0 0])
  ("unsigned" .
   [15 1 0 0 1 0 0 0])
  ("short" .
   [2 0 0 0 0])
  ("Vector2f" .
   [0 0 1 1 1 0 0 0])
  ("position" .
   [0 0 3 0 0 2 0 0])
  ("this" .
   [4 0 0 1])
  ("sf" .
   [7 0])
  ("Pixel" .
   [2 0 0 0 0])
  ("pixel" .
   [3 0 0 0 0])
  ("public" .
   [4 0 0 0 0 0])
  ("tes" .
   [1 0 0])
  ("color" .
   [12 0 0 0 1])
  ("uint8_t" .
   [3 0 2 2 2 0 7])
  ("16" .
   [5 0])
  ("stack" .
   [1 0 0 0 0])
  ("uint16_t" .
   [2 0 1 0 0 0 1 0])
  ("pixels" .
   [2 0 0 0 0 0])
  ("chip8" .
   [1 0 1 1 0])
  ("load" .
   [0 0 1 0])
  ("Chip" .
   [2 0 0 1])
  ("updateTimers" .
   [0 0 0 0 1 0 0 0 0 0 0 0])
  ("emulate" .
   [0 0 1 0 0 0 0])
  ("0x200" .
   [3 0 0 0 0])
  ("0xCXNN" .
   [1 0 0 0 0 0])
  ("row" .
   [2 0 0])
  ("0x0F00" .
   [1 0 0 0 0 0])
  ("0x00F0" .
   [1 0 0 0 0 0])
  ("0x00FF" .
   [1 0 0 0 0 0])
  ("0x0FFF" .
   [1 0 0 0 0 0])
  ("nMask" .
   [0 0 4 0 0])
  ("xMask" .
   [0 0 37 0 0])
  ("kMask" .
   [0 0 8 0 0])
  ("yMask" .
   [0 0 12 0 0])
  ("0x000F" .
   [2 0 0 0 0 0])
  ("pause" .
   [1 0 0 0 1])
  ("time" .
   [2 0 0 0])
  ("endl" .
   [5 0 0 0])
  ("0x50" .
   [2 0 0 0])
  ("argc" .
   [0 0 0 2])
  ("argv" .
   [2 0 1 0])
  ("rom" .
   [2 0 0])
  ("Input" .
   [0 0 1 0 1])
  ("I" .
   [2])
  ("isDown" .
   [0 0 1 0 0 0])
  ("cout" .
   [4 0 0 1])
  ("getW" .
   [0 0 0 1])
  ("getL" .
   [1 0 0 0])
  ("0xFF" .
   [1 0 0 0])
  ("0x8XY4" .
   [1 0 0 0 0 0])
  ("continue" .
   [2 0 0 0 0 0 0 1])
  ("orig" .
   [2 0 0 0])
  ("tmp" .
   [3 0 0])
  ("1000" .
   [1 0 0 0])
  ("pal" .
   [5 0 0])
  ("largest" .
   [1 0 0 0 0 0 0])
  ("fibo" .
   [5 0 0 3])
  ("errno" .
   [0 0 0 1 0])
  ("ptrace" .
   [7 0 0 0 0 2])
  ("wait" .
   [1 0 0 0])
  ("pid_t" .
   [3 0 0 0 0])
  ("perror" .
   [1 0 0 1 0 0])
  ("exit" .
   [2 0 0 0])
  ("EXIT_FAILURE" .
   [0 0 1 0 1 0 0 0 0 0 0 0])
  ("PTRACE_SYSCALL" .
   [0 0 0 0 0 0 0 0 0 0 0 0 1 2])
  ("regs" .
   [26 0 1 2])
  ("syscall" .
   [7 0 0 0 0 0 1])
  ("eax" .
   [4 0 1])
  ("PTRACE_TRACEME" .
   [1 0 0 0 0 0 0 0 0 0 0 0 0 0])
  ("ret" .
   [4 0 0])
  ("user_regs_struct" .
   [1 0 1 1 0 0 0 0 0 0 0 0 0 0 0 1])
  ("not" .
   [2 0 0])
  ("sysCallNum" .
   [2 0 2 1 0 0 0 0 1 4])
  ("sys" .
   [2 0 0])
  ("value" .
   [2 0 0 0 0])
  ("orig_eax" .
   [0 0 1 2 0 1 0 2])
  ("do" .
   [1 0])
  ("test2" .
   [0 0 0 1 0])
  ("number" .
   [3 0 0 0 0 0])
  ("True" .
   [1 0 0 0])
  ("False" .
   [1 0 0 0 0])
  ("forall" .
   [2 0 0 0 0 0])
  ("getch" .
   [1 0 0 0 0])
  ("items" .
   [5 0 0 0 0])
  ("item" .
   [4 0 0 0])
  ("credit" .
   [2 0 0 0 0 0])
  ("enumerate" .
   [0 0 0 1 0 0 0 0 0])
  ("format" .
   [1 0 0 0 1 0])
  ("sorted" .
   [1 0 0 0 0 0])
  ("write" .
   [5 0 0 0 0])
  ("split" .
   [1 0 0 0 0])
  ("sort" .
   [1 0 0 0])
  ("zip" .
   [1 0 0])
  ("max" .
   [1 0 0])
  ("Smax" .
   [1 0 0 0])
  ("friends" .
   [3 0 0 0 0 0 0])
  ("fi" .
   [1 0])
  ("brackets" .
   [10 0 1 4 0 1 2 4])
  ("tell" .
   [8 0 0 0])
  ("push" .
   [1 0 1 0])
  ("append" .
   [1 0 0 0 0 1])
  ("findBrackets" .
   [0 0 0 0 1 0 0 0 0 0 0 0])
  ("bf" .
   [8 0])
  ("seek" .
   [2 0 0 0])
  ("alias" .
   [1 0 0 0 0])
  ("encoded" .
   [1 0 0 0 0 0 0])
  ("enc" .
   [4 0 0])
  ("size2" .
   [1 0 0 0 0])
  ("-std" .
   [3 0 0 0])
  ("CXX" .
   [3 0 0])
  ("CXXFLAGS" .
   [2 0 0 0 0 0 0 0])
  ("extern" .
   [3 0 0 0 0 1])
  ("gcc" .
   [1 0 0])
  ("t_uint16" .
   [4 0 0 0 0 0 0 0])
  ("segment" .
   [1 0 0 1 0 0 0])
  ("idt" .
   [2 0 0])
  ("index" .
   [9 0 0 0 0])
  ("t_uint32" .
   [1 0 0 0 0 0 0 0])
  ("offset" .
   [1 0 0 0 0 0])
  ("0xffff" .
   [1 0 0 0 0 0])
  ("set_idt_entry" .
   [1 0 0 0 0 0 0 0 0 0 0 0 0])
  ("limit" .
   [1 0 0 0 0])
  ("zero" .
   [2 0 0 0])
  ("al" .
   [1 0])
  ("init_icw1" .
   [1 0 0 0 0 0 0 0 0])
  ("init_icw2" .
   [1 0 0 0 0 0 0 0 0])
  ("init_icw3" .
   [1 0 0 0 0 0 0 0 0])
  ("init_icw4" .
   [1 0 0 0 0 0 0 0 0])
  ("mask_all_int" .
   [1 0 0 0 0 0 0 0 0 0 0 0])
  ("Elf32_Half" .
   [0 0 0 1 0 0 0 0 0 0])
  ("phdr" .
   [3 0 1 0])
  ("addr" .
   [4 0 0 0])
  ("p_vaddr" .
   [1 0 0 0 1 0 0])
  ("require" .
   [3 0 0 0 0 0 0])
  ("dasm" .
   [2 0 0 0])
  ("NIL" .
   [0 0 1])
  ("nil" .
   [1 0 0])
  ("di_at" .
   [1 0 0 0 0])
  ("address" .
   [0 0 1 0 0 0 0])
  ("predicate" .
   [0 0 0 0 1 0 0 0 0])
  ("arg" .
   [1 0 0])
  ("retval" .
   [1 0 0 0 0 0])
  ("singleXor" .
   [0 0 0 0 1 0 1 0 0])
  ("sxorstr" .
   [0 0 0 0 1 0 0])
  ("as" .
   [1 0])
  ("add" .
   [2 0 0])
  ("15" .
   [1 0])
  ("18" .
   [1 0])
  ("0x200000" .
   [0 0 0 0 0 1 0 0])
  ("info" .
   [1 0 0 0])))
