((("copy" .
   [1 0 0 0])
  ("Mod" .
   [4 0 0])
  ("mod" .
   [6 0 0])
  ("sha512" .
   [2 0 0 0 0 0])
  ("sha384" .
   [2 0 0 0 0 0])
  ("sha224" .
   [2 0 0 0 0 0])
  ("md5" .
   [2 0 0])
  ("hashlib" .
   [4 0 0 0 0 0 0])
  ("sha1" .
   [15 0 0 0])
  ("digest" .
   [1 0 0 0 0 0])
  ("sha256" .
   [14 0 0 0 0 0])
  ("files_no" .
   [4 0 0 0 0 0 0 0])
  ("infiles" .
   [3 0 0 0 0 1 0])
  ("files_num" .
   [0 0 0 0 1 0 0 0 0])
  ("mem_sz" .
   [3 0 0 0 0 0])
  ("unistd" .
   [0 0 0 0 1 0])
  ("0xff" .
   [1 0 0 0])
  ("type_of_loader" .
   [1 0 0 0 0 0 0 0 0 0 0 0 0 0])
  ("hdr" .
   [7 0 0])
  ("boot_params" .
   [0 0 0 1 0 0 0 0 0 0 0])
  ("boot" .
   [3 0 0 0])
  ("opts" .
   [14 0 0 0])
  ("thres" .
   [1 0 0 0 0])
  ("buf" .
   [1 0 0])
  ("4" .
   [2])
  ("PROT_WRITE" .
   [1 0 0 0 0 0 0 0 0 0])
  ("IMAGE_LOAD_ADDR" .
   [2 0 3 0 0 3 0 0 0 1 0 0 0 0 0])
  ("ram" .
   [10 0 1])
  ("st_size" .
   [4 0 0 0 0 0 0])
  ("initrd_addr_max" .
   [3 0 0 0 0 0 0 0 0 0 0 0 0 0 0])
  ("align" .
   [8 0 0 0 0])
  ("CPUID_NUM" .
   [0 0 0 1 0 0 0 0 0])
  ("vms" .
   [1 0 0])
  ("cs_free" .
   [1 0 0 0 0 0 0])
  ("insn" .
   [2 0 0 0])
  ("code" .
   [1 0 0 0])
  ("0x10" .
   [1 0 0 0])
  ("uint8_t" .
   [2 0 0 0 0 0 0])
  ("signal" .
   [1 0 0 0 0 0])
  ("0x1f" .
   [1 0 0 0])
  ("src" .
   [3 0 0])
  ("0xfffff" .
   [1 0 0 0 0 0 0])
  ("rgb565" .
   [1 0 0 0 0 0])
  ("rgba8888" .
   [0 0 0 0 0 0 0 1])
  ("queue" .
   [1 0 0 0 0])
  ("dpth" .
   [6 0 0 0])
  ("Hierarchy_t" .
   [2 0 0 0 0 0 0 0 0 0 0])
  ("PrintHierarchyDepthFirst" .
   [0 0 0 0 1 0 0 0 0 0 0 0 0 0 0 0 0 0 0 0 0 0 0 0])
  ("fprintf" .
   [0 0 0 1 0 0 0])
  ("cur_per" .
   [6 0 0 0 0 1 0])
  ("child_num" .
   [4 0 1 1 0 1 0 1 0])
  ("parent" .
   [3 0 0 0 1 3])
  ("prev" .
   [17 0 1 3])
  ("fail" .
   [5 0 0 0])
  ("failed" .
   [1 0 0 0 0 0])
  ("DestroyHierarchy" .
   [0 0 1 1 0 0 0 0 0 0 0 0 0 0 0 0])
  ("free" .
   [2 0 0 0])
  ("read" .
   [2 0 0 0])
  ("malloc" .
   [1 0 0 0 0 0])
  ("val" .
   [21 0 0])
  ("cur" .
   [17 0 1])
  ("ln" .
   [5 0])
  ("children" .
   [2 0 1 1 2 0 0 2])
  ("Hierarchy" .
   [0 0 2 0 1 0 0 0 3])
  ("prev_per" .
   [5 0 1 1 1 0 1 0])
  ("cur_c" .
   [14 0 2 1 0])
  ("line" .
   [3 0 0 0])
  ("risk.ko" .
   [1 0 0 0 0 0 0])
  ("ALERT" .
   [1 0 0 0 0])
  ("EXIT_HANDLER_RISK_H" .
   [1 0 0 0 0 0 0 0 0 0 0 0 0 0 0 0 0 0 0])
  ("VMCS_RISK_H" .
   [1 0 0 0 0 0 0 0 0 0 0])
  ("bin/quartus" .
   [0 0 0 0 0 0 1 0 0 0 0])
  ("pid" .
   [5 0 0])
  ("lava-local-test.py" .
   [0 0 0 1 0 0 1 0 0 0 0 0 0 0 0 1 0 0])
  ("../rootfs/lava-local-test/" .
   [0 0 0 0 0 0 0 0 0 0 0 0 0 0 0 0 0 0 0 1 0 0 0 0 0 0])
  ("../rootfs/" .
   [0 0 0 0 0 2 0 0 0 0])
  ("../linux-test-abdoul_a/epita/" .
   [0 0 0 0 0 0 0 0 0 0 0 0 0 0 0 0 0 0 0 0 0 0 0 1 0 0 0 0 0])
  ("../linux-test-abdoul_a/" .
   [0 0 0 0 1 0 0 0 0 0 0 0 0 0 0 0 0 0 0 0 0 0 0])
  ("dmesg_info" .
   [1 0 0 0 0 0 0 0 0 0])
  ("buffer" .
   [0 0 0 0 0 1])
  ("v" .
   [5])
  ("filename" .
   [0 0 0 0 1 0 0 0])
  ("linux" .
   [2 0 0 0 0])
  ("file_param" .
   [1 0 0 0 4 0 1 0 0 0])
  ("file_len" .
   [3 0 0 1 3 0 0 1])
  ("ret" .
   [12 0 0])
  ("register" .
   [0 0 0 0 1 0 0 0])
  ("handler_p" .
   [1 0 0 0 0 0 0 0 0])
  ("handler_pre" .
   [2 0 1 0 0 1 0 0 0 0 0])
  ("kp" .
   [5 0])
  ("kprobe" .
   [0 0 0 0 0 1])
  ("msg" .
   [3 0 0])
  ("cryptB" .
   [1 0 0 0 0 0])
  ("plainA" .
   [1 0 0 0 0 0])
  ("cryptA" .
   [0 0 0 1 0 1])
  ("cypherB" .
   [3 0 0 0 0 0 0])
  ("cypherA" .
   [3 0 0 1 0 0 0])
  ("cypher" .
   [0 0 0 0 0 1])
  ("encA" .
   [0 0 0 1])
  ("dhMsgB" .
   [1 0 0 0 0 0])
  ("myDhMsg" .
   [0 0 0 1 0 0 0])
  ("myExp" .
   [3 0 0 0 0])
  ("send" .
   [3 0 0 0])
  ("aesKeyB" .
   [2 0 0 0 0 0 0])
  ("aesKeyA" .
   [3 0 0 0 0 0 0])
  ("dhKeyB" .
   [1 0 0 0 0 0])
  ("AES" .
   [2 0 0])
  ("encode" .
   [6 0 0 0 0 0])
  ("mpz" .
   [2 0 0])
  ("prime" .
   [2 0 0 0 0])
  ("gmpy2" .
   [3 0 0 0 0])
  ("expB" .
   [3 0 0 0])
  ("dhKeyA" .
   [3 0 0 1 0 0])
  ("expA" .
   [5 0 0 0])
  ("pow" .
   [8 0 0])
  ("math" .
   [1 0 0 0])
  ("recv" .
   [2 0 1 0])
  ("socket" .
   [4 0 0 0 0 0])
  ("res" .
   [5 0 1])
  ("del" .
   [1 0 0])
  ("freqsort" .
   [3 0 0 1 0 0 0 0])
  ("elif" .
   [4 0 0 0])
  ("same" .
   [14 0 0 1])
  ("index" .
   [8 0 0 0 0])
  ("enumerate" .
   [0 0 0 0 0 1 0 0 0])
  ("and" .
   [4 0 0])
  ("frequent" .
   [10 0 4 1 0 1 0 0])
  ("freq" .
   [2 0 1 2])
  ("operator" .
   [1 0 0 0 0 0 0 0])
  ("reversed" .
   [0 0 0 0 0 1 0 0])
  ("frequencies" .
   [2 0 0 1 0 2 0 0 0 0 0])
  ("freqs" .
   [2 0 0 0 0])
  ("zip" .
   [1 0 0])
  ("dict" .
   [2 0 0 0])
  ("collections" .
   [0 0 0 0 1 0 0 0 0 0 0])
  ("word" .
   [5 0 1 0])
  ("frequency" .
   [4 0 1 0 0 0 0 0 0])
  ("consumed" .
   [1 0 0 1 0 2 0 0])
  ("counts" .
   [1 0 0 0 0 0])
  ("key" .
   [2 0 0])
  ("sorted" .
   [5 0 0 1 0 0])
  ("words" .
   [10 0 0 0 0])
  ("split" .
   [3 0 0 0 0])
  ("xrange" .
   [1 0 0 1 0 0])
  ("top" .
   [7 0 1])
  ("startswith" .
   [0 0 0 0 0 1 0 0 0 0])
  ("tops" .
   [3 0 0 0])
  ("day" .
   [5 0 0])
  ("text" .
   [3 0 1 1])
  ("append" .
   [5 0 0 1 0 2])
  ("texts" .
   [4 0 0 0 0])
  ("nil" .
   [1 0 0])
  ("Indent" .
   [0 0 0 0 0 1])
  ("setq-default" .
   [1 0 0 0 0 0 0 0 0 1 0 0])
  ("load_size" .
   [1 0 0 0 0 0 0 0 0])
  ("p_offset" .
   [0 0 1 0 1 0 0 0])
  ("e_phof" .
   [1 0 0 0 0 0])
  ("dyn_sec" .
   [8 0 0 0 0 0 0])
  ("PT_DYNAMIC" .
   [2 0 0 0 1 0 0 0 0 0])
  ("e_phentsize" .
   [1 0 0 0 0 0 0 0 0 0 0])
  ("do" .
   [4 0])
  ("elf_start" .
   [1 0 0 0 0 0 0 0 0])
  ("get_elf_header" .
   [0 0 0 0 0 0 1 0 0 0 0 0 0 0])
  ("Elf64_Ehdr" .
   [1 0 0 1 0 0 0 0 0 0])
  ("dyn_seg" .
   [1 0 0 1 0 0 2])
  ("get_segment_elf" .
   [1 0 0 0 0 0 1 0 0 0 0 0 0 0 0])
  ("get_segment" .
   [0 0 0 0 0 1 0 0 0 0 0])
  ("phdr_start" .
   [4 0 0 0 0 0 0 1 0 0])
  ("AT_PHDR" .
   [1 0 0 0 0 0 0])
  ("get_stack_pointer" .
   [0 0 0 1 0 0 0 0 0 0 0 0 0 0 0 0 0])
  ("get_argv" .
   [0 0 0 1 0 0 0 0])
  ("inline" .
   [2 0 0 0 0 0])
  ("sp" .
   [8 0])
  ("uintptr_t" .
   [1 0 0 0 0 0 0 0 0])
  ("volatile" .
   [5 0 0 0 1 0 0 0])
  ("__asm__" .
   [0 0 0 0 0 1 0])
  ("entry" .
   [1 0 0 0 0])
  ("lel" .
   [2 0 0])
  ("Elf32_Word" .
   [0 0 1 0 0 0 0 0 0 0])
  ("PROT_NONE" .
   [1 0 0 0 0 0 0 0 0])
  ("seg_end" .
   [0 0 1 0 0 0 0])
  ("seg_start" .
   [0 0 2 0 0 0 0 0 0])
  ("p_memsz" .
   [0 0 0 1 0 0 0])
  ("PAGE_SIZE" .
   [0 0 0 0 0 0 0 1 0])
  ("align_down" .
   [4 0 0 0 0 0 0 0 0 0])
  ("target" .
   [1 0 0 0 0 0])
  ("MAP_ANONYMOUS" .
   [1 0 0 0 0 0 0 0 0 0 0 0 0])
  ("p_type" .
   [1 0 0 0 1 0])
  ("PT_LOAD" .
   [2 0 0 0 0 0 0])
  ("e_phnum" .
   [1 0 1 0 1 0 0])
  ("map" .
   [10 0 1])
  ("MAP_FAILED" .
   [4 0 0 0 0 0 0 0 0 0])
  ("fatal" .
   [3 0 0 0 0])
  ("message" .
   [1 0 0 0 0 0 0])
  ("chain" .
   [1 0 0 0 0])
  ("symndx" .
   [1 0 0 0 0 0])
  ("hb" .
   [1 0])
  ("bloom" .
   [2 0 0 0 0])
  ("shift" .
   [1 0 0 0 0])
  ("gnu_hash" .
   [1 0 0 0 0 0 0 0])
  ("chains" .
   [2 0 0 0 0 0])
  ("tmp" .
   [3 0 0])
  ("maskwords" .
   [1 0 0 0 0 0 0 0 0])
  ("buckets" .
   [3 0 0 0 0 0 0])
  ("t" .
   [3])
  ("my_exit" .
   [2 0 0 0 0 0 0])
  ("child" .
   [2 0 0 0 0])
  ("nbuckets" .
   [3 0 0 0 0 0 0 0])
  ("symtab" .
   [3 0 0 0 0 0])
  ("base_addr" .
   [0 0 0 0 1 0 0 0 0])
  ("e" .
   [10])
  ("my_dyn_link" .
   [1 0 0 0 0 0 1 0 0 0 0])
  ("load_addr" .
   [4 0 0 0 1 0 0 0 0])
  ("fd" .
   [2 0])
  ("flags" .
   [11 0 1 0 1])
  ("PROT_READ" .
   [2 0 0 0 0 0 0 0 1])
  ("idx" .
   [3 0 0])
  ("ET_EXEC" .
   [2 0 0 0 0 0 0])
  ("e_type" .
   [1 0 0 0 0 0])
  ("e_phoff" .
   [1 0 0 0 0 0 0])
  ("get_load_segments" .
   [1 0 0 0 0 0 0 0 0 0 0 0 0 0 0 0 0])
  ("phnum" .
   [3 0 1 0 0])
  ("get_program_headers" .
   [0 0 0 0 0 0 2 0 0 0 0 0 0 0 0 0 0 0 0])
  ("p_vaddr" .
   [6 0 2 1 0 1 0])
  ("sizeof" .
   [9 0 1 0 3 3])
  ("size" .
   [32 0 0 0])
  ("size_t" .
   [7 0 1 0 0 1])
  ("realloc" .
   [1 0 0 1 0 0 0])
  ("load" .
   [20 0 0 0])
  ("num_load" .
   [2 0 1 0 0 0 0 1])
  ("num" .
   [1 0 0])
  ("iter" .
   [20 0 0 1])
  ("phdr" .
   [30 0 0 2])
  ("Elf64_Phdr" .
   [3 0 1 2 0 0 0 0 0 1])
  ("Elf64_Dyn" .
   [5 0 0 1 0 0 0 0 0])
  ("init_linker_base" .
   [0 0 0 0 1 0 0 0 0 0 0 0 0 0 0 1])
  ("map_elf" .
   [0 0 0 1 0 0 0])
  ("w_addr" .
   [1 0 0 0 0 0])
  ("m" .
   [22])
  ("first" .
   [2 0 0 0 0])
  ("true" .
   [8 0 0 0])
  ("get_auxv" .
   [1 0 0 1 0 0 0 1])
  ("aux" .
   [1 0 0])
  ("while" .
   [15 0 0 1 0])
  ("uint64_t" .
   [5 0 1 0 0 0 0 1])
  ("envp" .
   [4 0 0 1])
  ("g_argv" .
   [1 0 0 0 0 0])
  ("info" .
   [15 0 0 1])
  ("extern" .
   [2 0 0 0 0 0])
  ("Elf64_auxv_t" .
   [0 0 0 2 0 0 0 0 0 0 0 0])
  ("argc" .
   [16 0 0 0])
  ("auxv" .
   [9 0 1 1])
  ("argv" .
   [20 0 0 1])
  ("MY_DYN_LINK" .
   [1 0 0 0 0 0 1 0 0 0 0])
  ("lib_path" .
   [1 0 0 1 0 0 0 1])
  ("so" .
   [3 0])
  ("get_relocs" .
   [0 0 0 1 0 0 0 0 0 0])
  ("ldd" .
   [1 0 0])
  ("dep" .
   [3 0 0])
  ("elf" .
   [41 0 0])
  ("init_linker" .
   [1 0 0 1 0 0 0 0 0 0 0])
  ("ldso" .
   [5 0 0 0])
  ("libs_str" .
   [0 0 0 0 1 0 0 0])
  ("continue" .
   [5 0 0 0 0 0 0 0])
  ("LINUX_DYN_LINK" .
   [0 0 1 1 0 0 0 0 0 0 0 0 0 0])
  ("c" .
   [28])
  ("strcmp" .
   [1 0 0 1 0 2])
  ("l" .
   [14])
  ("lib_name" .
   [3 0 1 0 0 0 0 1])
  ("dso" .
   [2 0 0])
  ("mapped_lib" .
   [1 0 0 0 1 0 0 0 0 0])
  ("false" .
   [9 0 0 0 0])
  ("tree" .
   [8 0 0 0])
  ("path" .
   [9 0 0 0])
  ("a" .
   [34])
  ("bool" .
   [3 0 0 0])
  ("lib" .
   [7 0 0])
  ("n" .
   [14])
  ("h" .
   [15])
  ("STN_UNDEF" .
   [0 0 0 0 1 0 0 0 0])
  ("strtab" .
   [3 0 0 1 0 0])
  ("perform_simple_hash" .
   [0 0 0 1 0 0 0 0 0 0 0 0 0 0 0 0 0 0 0])
  ("nullptr" .
   [14 0 0 0 0 0 0])
  ("Elf64_" .
   [0 0 0 0 0 1])
  ("hash_type" .
   [0 0 1 0 0 0 0 0 0])
  ("d_ptr" .
   [2 0 0 0 0])
  ("d" .
   [15])
  ("uint32_t" .
   [2 0 3 1 1 0 0 4])
  ("SHT_DYNAMIC" .
   [1 0 0 0 0 0 0 0 0 0 0])
  ("get_section" .
   [3 0 0 0 0 0 0 0 0 0 0])
  ("get_section_header" .
   [1 0 0 0 0 0 0 0 0 0 0 0 0 0 0 0 0 0])
  ("type" .
   [12 0 0 0])
  ("DT_HASH" .
   [2 0 0 0 0 0 0])
  ("r" .
   [9])
  ("typename" .
   [1 0 0 0 0 0 0 0])
  ("get_dynamic" .
   [0 0 0 0 0 0 1 0 0 0 0])
  ("node" .
   [7 0 0 0])
  ("hashtab" .
   [14 0 1 1 1 0 2])
  ("hash" .
   [9 0 0 0])
  ("get_hash_section" .
   [2 0 0 0 0 0 0 0 0 0 0 0 0 0 0 0])
  ("sh_offset" .
   [0 0 0 0 1 0 0 0 0])
  ("unsigned" .
   [9 0 0 0 1 0 0 0])
  ("Elf64_Word" .
   [8 0 0 0 0 0 0 1 0 0])
  ("Elf64_Addr" .
   [6 0 0 2 0 0 0 1 0 0])
  ("reinterpret_cast" .
   [0 0 0 4 7 0 0 0 1 0 0 0 0 0 0 4])
  ("root" .
   [6 0 2 0])
  ("g" .
   [5])
  ("location" .
   [6 0 0 1 1 0 0 0])
  ("c_start" .
   [6 0 0 1 1 1 0])
  ("Elf64_Rela" .
   [1 0 0 0 0 0 0 0 0 0])
  ("Elf64_Sym" .
   [0 0 1 0 0 0 0 0 3])
  ("dynamic_address" .
   [2 0 0 0 0 0 0 0 0 0 0 0 0 0 0])
  ("once" .
   [1 0 0 0])
  ("pragma" .
   [1 0 0 0 0 0])
  ("USB_INTERFACE_CLASS_HID" .
   [0 0 0 0 0 0 0 0 0 0 0 0 0 0 0 0 0 0 0 0 0 1 0])
  ("0" .
   [9])
  ("USB_DEVICE_ID_MATCH_DEV_CLASS" .
   [3 0 0 0 0 0 0 0 0 0 0 0 0 0 0 0 0 0 0 0 0 0 0 0 0 0 0 0 0])
  ("kbd_driver" .
   [1 0 0 0 0 0 0 0 0 0])
  ("0x00" .
   [2 0 0 0])
  ("intf" .
   [3 0 0 0])
  ("kbd_probe" .
   [1 0 0 0 0 0 0 0 0])
  ("kbd_load" .
   [1 0 0 0 0 0 0 0])
  ("kbd_action" .
   [2 0 0 0 0 0 0 0 0 0])
  ("usb_kbd_exit" .
   [1 0 0 0 0 0 0 0 0 0 0 0])
  ("usb_device_id" .
   [1 0 1 0 0 0 0 0 0 0 0 0 0])
  ("driver_id_table" .
   [1 0 0 0 0 0 0 0 1 0 0 0 0 0 0])
  ("usb" .
   [1 0 0])
  ("const" .
   [18 0 0 0 0])
  ("usb_kbd_init" .
   [2 0 0 0 1 0 0 0 0 0 0 0])
  ("lol" .
   [5 0 0])
  ("addr" .
   [21 0 0 0])
  ("generator" .
   [5 0 0 0 0 0 0 0 0])
  ("write" .
   [4 0 0 0 0])
  ("1000" .
   [2 0 0 0])
  ("string" .
   [3 0 0 0 0 0])
  ("sym_string" .
   [6 0 0 0 1 2 0 0 0 1])
  ("symbol_end" .
   [1 0 0 0 0 0 0 0 0 0])
  ("symbols_end" .
   [3 0 0 0 0 0 0 0 0 0 0])
  ("hex" .
   [10 0 0])
  ("sym_addr" .
   [8 0 0 0 0 0 0 1])
  ("syms_strings" .
   [3 0 0 0 0 0 0 0 0 0 0 0])
  ("syms_end" .
   [3 0 0 0 0 0 0 3])
  ("syms_start" .
   [5 0 0 0 0 0 0 0 0 0])
  ("sym_scan" .
   [1 0 0 0 0 0 0 0])
  ("symtab_size" .
   [2 0 0 0 0 0 0 0 0 0 0])
  ("0x10000000" .
   [2 0 0 0 0 0 0 0 0 0])
  ("end" .
   [4 0 0])
  ("find" .
   [3 0 0 0])
  ("symbol" .
   [4 0 0 0 0 3])
  ("symbols" .
   [2 0 0 0 0 0 0])
  ("str" .
   [32 0 0])
  ("commands" .
   [2 0 0 0 0 0 0 0])
  ("utils" .
   [1 0 0 0 0])
  ("scan" .
   [8 0 0 1])
  ("as" .
   [3 0])
  ("Volatility" .
   [0 0 0 0 1 0 0 0 0 2])
  ("import" .
   [16 0 0 1 2 0])
  ("lapic_res" .
   [11 0 0 0 0 0 0 0 0])
  ("./script.sh" .
   [0 0 0 0 1 0 0 0 0 0 0])
  ("map_io" .
   [1 0 0 0 0 0])
  ("mem" .
   [17 0 0])
  ("NULL" .
   [13 0 0 0])
  ("diffusion" .
   [2 0 0 0 0 0 0 0 0])
  ("confusion" .
   [4 0 0 0 0 0 0 0 0])
  ("output" .
   [5 0 0 0 0 0])
  ("input" .
   [7 0 0 0 0])
  ("set_lapic_reg" .
   [1 0 0 0 0 0 0 0 0 0 0 0 0])
  ("apic" .
   [1 0 0 0])
  ("panic" .
   [1 0 0 0 0])
  ("regs" .
   [3 0 2 0])
  ("intr_regs" .
   [1 0 0 0 0 0 0 0 0])
  ("struct" .
   [18 0 0 5 2 6])
  ("static" .
   [15 0 0 0 0 1])
  ("WRAPPED_GATE" .
   [0 0 0 0 0 0 0 1 0 0 0 0])
  ("LAPIC_ERROR_VECTOR" .
   [1 0 0 0 0 0 0 0 0 0 0 0 0 0 0 0 0 0])
  ("interrupt_add_isr" .
   [0 0 0 0 0 0 0 0 0 0 0 0 0 0 1 0 0])
  ("apic_base_addr" .
   [3 0 0 0 0 0 0 0 0 0 0 0 0 0])
  ("APIC_BSP" .
   [1 0 0 0 0 0 0 0])
  ("apic_base" .
   [3 0 0 0 0 0 0 0 0])
  ("11" .
   [1 0])
  ("12" .
   [2 0])
  ("APIC_ENABLED" .
   [1 0 0 0 0 0 0 0 0 0 0 0])
  ("klog" .
   [3 0 0 0])
  ("p" .
   [8])
  ("0x3" .
   [1 0 0])
  ("make" .
   [4 0 0 0])
  ("build" .
   [3 0 0 0 0])
  ("pty" .
   [2 0 0])
  ("-serial" .
   [1 0 0 0 0 0 0])
  ("export" .
   [1 0 0 0 0 0])
  ("alias" .
   [3 0 0 0 0])
  ("void" .
   [61 0 0 0])
  ("~/.i3/lock.png" .
   [0 0 0 1 0 0 0 0 0 0 0 0 0 0])
  ("-nographic" .
   [1 0 0 0 0 0 0 0 0 0])
  ("stdio" .
   [1 0 0 0 0])
  ("else" .
   [33 0 0 0])
  ("include" .
   [22 0 0 1 0 0 0])
  ("i" .
   [26])
  ("u32" .
   [1 0 0])
  ("ioapic" .
   [1 0 0 0 0 0])
  ("u8" .
   [4 0])
  ("class" .
   [7 0 0 0 0])
  ("public" .
   [4 0 0 0 0 0])
  ("if" .
   [70 0])
  ("connected" .
   [1 0 0 0 0 0 0 0 0])
  ("for" .
   [27 0 1])
  ("int" .
   [91 0 0])
  ("dest_apic_id" .
   [4 0 0 0 0 0 0 0 0 0 0 0])
  ("def" .
   [12 0 0])
  ("pass" .
   [9 0 0 0])
  ("from" .
   [4 0 0 0])
  ("volatility" .
   [1 0 0 0 0 0 0 0 0 0])
  ("TreeGrid" .
   [1 0 0 0 1 0 0 0])
  ("Address" .
   [5 0 0 0 0 0 0])
  ("Hex" .
   [1 0 0])
  ("linux_common" .
   [0 0 0 0 0 0 0 0 0 0 1 0])
  ("print" .
   [101 0 0 0 0])
  ("self" .
   [65 0 0 1])
  ("outfd" .
   [6 0 1 1 1])
  ("offset" .
   [5 0 1 0 0 0])
  ("name" .
   [25 0 0 0])
  ("id" .
   [2 0])
  ("count" .
   [8 0 0 0 1])
  ("in" .
   [26 0])
  ("data" .
   [57 0 0 2])
  ("table_header" .
   [0 0 0 0 1 0 0 0 0 0 0 0])
  ("addr_space" .
   [2 0 2 0 0 0 0 0 0 0])
  ("start" .
   [12 0 0 0 1])
  ("next" .
   [4 0 0 0])
  ("address" .
   [14 0 2 2 0 0 2])
  ("scanner" .
   [2 0 1 0 0 0 0])
  ("address_space" .
   [4 0 1 2 1 0 0 0 0 0 0 0 0])
  ("found" .
   [13 0 0 0 1])
  ("imp" .
   [0 0 1])
  ("0x1" .
   [2 0 0])
  ("0x1000000" .
   [2 0 0 0 1 1 0 1 0])
  ("BaseScanner" .
   [0 0 0 0 1 0 0 0 0 0 0])
  ("super" .
   [2 0 0 0 0])
  ("SymbolsScanner" .
   [0 0 2 0 0 1 0 0 0 0 0 0 0 1])
  ("__init__" .
   [3 0 0 0 0 0 0 0])
  ("ScannerCheck" .
   [0 0 0 0 0 0 0 1 0 0 0 0])
  ("return" .
   [18 0 1 5 13 21])
  ("checks" .
   [1 0 0 0 0 0])
  ("zread" .
   [1 0 0 0 0])
  ("_offset" .
   [4 0 1 0 0 0 0])
  ("4096" .
   [17 0 0 0])
  ("step" .
   [24 0 0 0])
  ("pattern" .
   [6 0 1 0 0 0 0])
  ("patterns" .
   [12 0 0 0 0 0 0 0])
  ("GenLinuxProfile" .
   [1 0 0 0 0 0 0 0 0 0 0 0 0 0 0])
  ("scan_size" .
   [2 0 1 0 0 0 0 0 0])
  ("0xF" .
   [1 0 0])
  ("set" .
   [1 0 0])
  ("100" .
   [12 0 0])
  ("init_task" .
   [1 0 0 0 0 0 0 0 0])
  ("STEP" .
   [3 0 0 0])
  ("result" .
   [4 0 1 0 0 0])
  ("yield" .
   [3 0 0 0 0])
  ("scantest" .
   [1 0 0 0 0 0 0 0])
  ("scan_start" .
   [2 0 0 0 0 0 0 0 0 0])
  ("test" .
   [5 0 0 0])
  ("sym_type" .
   [4 0 0 0 0 0 0 0])
  ("unknown_type" .
   [1 0 0 0 0 0 0 1 0 0 0 0])
  ("unkown_type" .
   [1 0 0 0 0 0 0 0 0 0 0])
  ("vaddresses" .
   [1 0 0 0 0 0 0 0 0 0])
  ("vaddr" .
   [2 0 0 0 1])
  ("file" .
   [8 0 0 0])
  ("open" .
   [3 0 0 0])
  ("map_file" .
   [5 0 0 0 0 0 0 2])
  ("generate_file" .
   [0 0 0 0 1 0 0 0 0 0 0 0 1])
  ("map_file_name" .
   [1 0 0 0 0 0 0 0 0 0 0 0 0])
  ("False" .
   [2 0 0 0 0])
  ("sel" .
   [2 0 0])
  ("checkArch" .
   [0 0 0 0 0 0 1 0 0])
  ("magic_numbers" .
   [0 0 0 0 1 0 0 0 0 0 0 0 0])
  ("elf_step" .
   [1 0 0 0 0 0 0 0])
  ("magic_32" .
   [1 0 0 0 0 0 0 0])
  ("bin_x86" .
   [2 0 0 1 0 0 0])
  ("bin_x86_64" .
   [3 0 1 0 0 0 0 0 0 0])
  ("magic_64" .
   [1 0 0 0 0 0 0 0])
  ("0xC0000000" .
   [0 0 1 1 0 0 0 0 0 0])
  ("0x0" .
   [9 0 0])
  ("len" .
   [9 0 0])
  ("ord" .
   [2 0 0])
  ("not" .
   [1 0 0])
  ("symbols_format" .
   [1 0 0 0 0 0 0 0 0 0 0 0 0 0])
  ("True" .
   [3 0 0 0])
  ("break" .
   [15 0 0 1 0])
  ("0x100000" .
   [2 0 0 0 1 0 0 0])
  ("or" .
   [7 0])
  ("map_files" .
   [1 0 0 0 0 0 0 0 0])
  ("strip_address" .
   [2 0 0 0 0 0 0 0 0 0 0 0 0])
  ("format" .
   [8 0 0 0 0 0])
  ("base_as" .
   [1 0 0 0 0 0 0])
  ("cls" .
   [1 0 0])
  ("config" .
   [1 0 0 0 0 0])
  ("new_page" .
   [11 0 0 0 0 0 0 0])
  ("new_block" .
   [10 0 0 0 0 0 0 0 0])
  ("blk" .
   [1 0 0])
  ("block" .
   [5 0 0 1 0])
  ("b" .
   [5])
  ("s" .
   [36])
  ("char" .
   [73 0 1 0])
  ("long" .
   [19 0 0 0])
  ("strcat" .
   [0 0 0 0 1 0])
  ("T" .
   [2])
  ("__libc_enable_secure" .
   [0 0 0 0 1 0 0 0 0 1 0 0 0 0 0 0 0 0 0 0])
  ("init_tls" .
   [1 0 0 1 0 0 0 0])
  ("GNU_HH" .
   [1 0 0 0 0 0])
  ("_dl_tls_setup" .
   [1 0 0 0 0 0 0 0 0 0 0 0 0])
  ("__rtld_global_ro" .
   [1 0 0 0 0 0 0 0 0 0 0 0 0 0 0 0])
  ("__gmon_start__" .
   [1 0 0 0 0 0 0 0 0 0 0 0 0 0])
  ("err" .
   [13 0 0])
  ("retrieve_errors" .
   [1 0 1 1 0 0 0 0 0 0 0 0 0 0 0])
  ("bro" .
   [1 0 0])
  ("handle" .
   [10 0 1 0 0 0])
  ("get_error" .
   [0 0 0 1 0 0 0 0 0])
  ("occured" .
   [0 0 0 1 2 0 0])
  ("Elf64_Xword" .
   [1 0 0 0 0 0 0 0 0 0 0])
  ("error" .
   [0 0 0 0 1])
  ("const_cast" .
   [0 0 1 0 0 0 0 0 0 0])
  ("error_msg" .
   [0 0 1 0 0 0 0 0 0])
  ("ERR_FMT" .
   [1 0 0 0 0 0 0])
  ("ERR_LOAD" .
   [1 0 0 0 0 0 0 0])
  ("cur_err" .
   [1 0 2 0 0 0 0])
  ("current" .
   [4 0 0 0 0 0 0])
  ("strln" .
   [2 0 0 1 0])
  ("asm" .
   [1 0 0])
  ("FILE_NAME_LEN" .
   [1 0 0 1 3 0 0 0 0 0 0 0 0])
  ("module" .
   [0 0 0 0 0 1])
  ("file_name" .
   [1 0 0 1 1 0 0 0 0])
  ("__user" .
   [3 0 0 1 0 0])
  ("cpy_ret" .
   [5 0 0 2 0 0 2])
  ("pre_handler" .
   [0 0 0 1 0 1 0 0 0 0 0])
  ("EFAULT" .
   [2 0 0 0 0 0])
  ("sudo" .
   [4 0 0 0])
  ("DUMMY_SYS_H" .
   [1 0 0 0 0 0 0 0 0 0 0])
  ("define" .
   [3 0 0 0 0 0])
  ("DUMMY_SYS_NUM" .
   [1 0 0 0 0 0 0 0 0 0 0 0 0])
  ("Crypto" .
   [1 0 0 0 0 0])
  ("ciphertext" .
   [1 0 0 0 0 1 0 0 0 0])
  ("msg_header" .
   [0 0 1 0 0 0 1 0 0 0])
  ("512" .
   [2 0 0])
  ("16" .
   [3 0])
  ("msg_iv" .
   [2 0 0 0 0 0])
  ("msg_body" .
   [1 0 0 0 0 0 0 0])
  ("rsa_key" .
   [4 0 0 0 0 0 0])
  ("rsa_pair" .
   [2 0 0 0 0 0 0 0])
  ("exp" .
   [5 0 0])
  ("binascii" .
   [1 0 0 0 0 0 0 0])
  ("hexlify" .
   [1 0 0 0 0 0 0])
  ("bytes" .
   [1 0 0 0 0])
  ("filter" .
   [1 0 0 0 0 0])
  ("lambda" .
   [1 0 0 0 0 0])
  ("chr" .
   [1 0 0])
  ("list" .
   [1 0 0 0])
  ("reduce" .
   [2 0 0 0 0 0])
  ("length" .
   [0 0 0 1 0 0])
  ("~/Documents/" .
   [0 0 0 0 0 1 0 0 0 0 0 0])
  ("~/Documents/GISTRE/" .
   [0 0 0 0 0 0 0 0 0 0 0 0 1 0 0 0 0 0 0])
  ("syscall" .
   [1 0 0 0 0 0 0])
  ("sys_dummy" .
   [1 0 0 0 0 0 0 0 0])
  ("ret_value" .
   [0 0 1 0 0 1 0 0 0])
  ("./run-tests.sh" .
   [0 0 0 1 0 0 0 0 0 0 0 0 0 0])
  ("run-tests.sh" .
   [0 0 1 0 0 0 0 0 0 0 0 0])
  ("hello_world" .
   [0 0 1 0 0 0 0 0 0 0 0])
  ("dump" .
   [1 0 0 0])
  ("echo" .
   [1 0 0 0])
  ("Pykemon" .
   [0 0 0 1 1 0 0])
  ("stressball" .
   [2 0 0 0 0 0 0 0 0 0])
  ("vmcs_risk" .
   [0 0 0 0 0 1 0 0 0])
  ("cr3_load" .
   [3 0 0 0 0 0 0 0])
  ("exit_handler_risk" .
   [1 0 0 0 0 0 0 0 0 0 0 0 0 0 0 0 0])
  ("this" .
   [1 0 0 0])
  ("stress" .
   [4 0 0 1 0 0])
  ("device" .
   [2 0 0 0 0 0])
  ("TIMEOUT" .
   [0 0 0 1 0 0 0])
  ("EAGAIN" .
   [6 0 0 0 1 0])
  ("repa" .
   [7 0 0 1])
  ("repb" .
   [6 0 0 0])
  ("transferred" .
   [1 0 0 0 0 0 0 0 0 0 0])
  ("0x2" .
   [2 0 0])
  ("status" .
   [3 0 0 0 0 0])
  ("0x20" .
   [1 0 0 0])
  ("squeeze" .
   [1 0 0 0 0 0 0])
  ("twist" .
   [1 0 0 0 0])
  ("pull" .
   [1 0 0 0])
  ("EINVAL" .
   [2 0 0 0 0 0])
  ("memset" .
   [0 0 0 0 1 0])
  ("stress_device" .
   [1 0 0 0 0 0 0 0 0 0 0 0 0])
  ("0x21" .
   [1 0 0 0])
  ("0x08" .
   [2 0 0 0])
  ("0x09" .
   [2 0 0 0])
  ("REQUEST_TYPE" .
   [2 0 0 0 0 0 0 0 0 0 0 0])
  ("REQUEST" .
   [2 0 0 0 0 0 0])
  ("assert" .
   [1 0 0 0 0 0])
  ("RISK_H" .
   [1 0 0 0 0 0])
  ("miscdevice" .
   [0 0 0 0 1 0 0 0 0 0])
  ("risk_fops" .
   [1 0 0 0 0 0 0 0 0])
  ("owner" .
   [1 0 0 0 0])
  ("THIS_MODULE" .
   [1 0 0 0 0 0 0 0 0 0 0])
  ("risk" .
   [3 0 0 0])
  ("risk_open" .
   [1 0 0 0 0 0 0 0 0])
  ("inode" .
   [4 0 0 0 0])
  ("pr_info" .
   [1 0 0 0 1 0 0])
  ("risk_ioctl" .
   [1 0 0 0 0 0 0 0 0 0])
  ("switch" .
   [2 0 0 0 0 0])
  ("cmd" .
   [6 0 0])
  ("case" .
   [6 0 0 0])
  ("RISK_PID" .
   [1 0 0 0 0 0 0 0])
  ("RISK_START_ADDR" .
   [1 0 0 0 0 0 0 0 0 0 0 0 0 0 0])
  ("RISK_END_ADDR" .
   [1 0 0 0 0 0 0 0 0 0 0 0 0])
  ("default" .
   [2 0 0 0 0 0 0])
  ("u64" .
   [1 0 0])
  ("risk_info" .
   [0 0 0 0 0 0 0 0 2])
  ("ept_info" .
   [7 0 0 0 0 0 0 0])
  ("risk_close" .
   [1 0 0 0 0 0 0 0 0 0])
  ("private_data" .
   [1 0 0 0 0 0 0 0 0 0 0 0])
  ("arg" .
   [2 0 0])
  ("RISK_TRAP" .
   [1 0 0 0 0 0 0 0 0])
  ("pr_warn" .
   [1 0 0 0 0 0 0])
  ("goto" .
   [1 0 0 0])
  ("ioctl" .
   [0 0 0 0 1])
  ("ioctl_err" .
   [0 0 0 0 0 0 0 0 1])
  ("se" .
   [1 0])
  ("fibo" .
   [4 0 0 0])
  ("range" .
   [1 0 0 0 0])
  ("warn" .
   [1 0 0 0])
  ("CODE" .
   [1 0 0 0])
  ("start_addr" .
   [2 0 0 0 0 0 0 0 0 0])
  ("close" .
   [1 0 0 0 0])
  ("printf" .
   [3 0 0 0 0 0])
  ("insm" .
   [1 0 0 0])
  ("disasm" .
   [1 0 0 0 0 0])
  ("getopt" .
   [1 0 0 0 0 0])
  ("opt" .
   [3 0 0])
  ("out" .
   [2 0 0])
  ("optarg" .
   [1 0 0 0 0 0])
  ("optind" .
   [2 0 1 0 0 0])
  ("py_compile" .
   [1 0 0 0 0 0 0 0 0 0])
  ("encrypt" .
   [1 0 0 0 0 0 0])))
